2.3962236770185888e7	0
2.4406913734401405e7	0
2.171486021855871e7	0
2.202271948299551e7	0
2.028508247549073e7	0
2.0409519469186544e7	0
2.3981974942251276e7	0
2.14539954852238e7	0
2.1707249011654012e7	0
2.4065246810661115e7	0
2.4061719857575394e7	0
2.3952735948288035e7	60
2.4368346697428104e7	60
2.174065885949959e7	60
2.200970867493701e7	60
2.029537348241377e7	60
2.0395122760464545e7	60
2.402159336138748e7	60
2.14759405811534e7	60
2.1677574663533073e7	60
2.401850606148346e7	60
2.4020367887703504e7	60
2.3943666015021402e7	120
2.4329814801582627e7	120
2.17666264900646e7	120
2.1997120017907042e7	120
2.030596857457008e7	120
2.0381059650329765e7	120
2.4061285045896832e7	120
2.14982581819455e7	120
2.16481886179441e7	120
2.397180246383964e7	120
2.3979079499617767e7	120
2.393502963880428e7	180
2.4291318440755896e7	180
2.1792761485818975e7	180
2.1984964726674322e7	180
2.031686868975055e7	180
2.0367326428802993e7	180
2.4101053187602494e7	180
2.1520942439490356e7	180
2.1619098569707576e7	180
2.3925152945528973e7	180
2.3937866206566375e7	180
2.3926821697699457e7	240
2.4252864237287745e7	240
2.181906591683235e7	240
2.1973242425685063e7	240
2.0328060395280544e7	240
2.0353922584557027e7	240
2.414088783392092e7	240
2.154399219730689e7	240
2.159030555269531e7	240
2.3878571753044523e7	240
2.389672285197577e7	240
2.3919049776938975e7	300
2.421444488110956e7	300
2.184553657079648e7	300
2.1961945493171822e7	300
2.03395503891265e7	300
2.4180810568092868e7	300
2.0340858001375016e7	300
2.156742342858439e7	300
2.15618152513552e7	300
2.3832041272488676e7	300
2.3855651821539555e7	300
2.391172113058322e7	360
2.4176074875240814e7	360
2.1872177278725613e7	360
2.1951100724695813e7	360
2.0351344519984737e7	360
2.4220812517846495e7	360
2.0328121827830326e7	360
2.1591198029340822e7	360
2.1533639436918907e7	360
2.3785599062118173e7	360
2.381467546817086e7	360
2.3904830360644672e7	420
2.4137760443942327e7	420
2.1898983409974217e7	420
2.1940675737007212e7	420
2.036342015965397e7	420
2.426088532589495e7	420
2.031572015274628e7	420
2.1615348912887175e7	420
2.1505778006302122e7	420
2.3739232011210557e7	420
2.37737888057914e7	420
2.3898372790528044e7	480
2.409949852713023e7	480
2.192595461800017e7	480
2.0375801018273022e7	480
2.1930687587603223e7	480
2.430103811006972e7	480
2.0303667068805795e7	480
2.163987095673569e7	480
2.147823410400052e7	480
2.3692953054801602e7	480
2.373300659997587e7	480
2.38923710182769e7	540
2.4061282455291316e7	540
2.1953091743080042e7	540
2.038847332539616e7	540
2.1921157408182554e7	540
2.4341268889594983e7	540
2.029195855972031e7	540
2.1664743876477443e7	540
2.1451011858911563e7	540
2.364675842605946e7	540
2.3692325169627443e7	540
2.3886818604432695e7	600
2.402313654330687e7	600
2.1980389922959644e7	600
2.0401427829171367e7	600
2.191205694035782e7	600
2.4381586947315853e7	600
2.0280584648839124e7	600
2.1689983757615328e7	600
2.1424124779642724e7	600
2.360066926517151e7	600
2.3651757222137444e7	600
2.3881705511651225e7	660
2.3985051239577834e7	660
2.2007856301841382e7	660
2.0414679496681962e7	660
2.1903416271121774e7	660
2.442197816161563e7	660
2.026957180178288e7	660
2.171557148937824e7	660
2.1397560869436383e7	660
2.3554682183842108e7	660
2.3611300936012547e7	660
2.3877046735737197e7	720
2.3947035434346337e7	720
2.2035488463070378e7	720
2.0428216216177437e7	720
2.1895209401644632e7	720
2.4462450932914276e7	720
2.025889977274699e7	720
2.174152846460837e7	720
2.137135114771174e7	720
2.3508811088046104e7	720
2.357096557962773e7	720
2.38728316497292e7	780
2.3909088252070814e7	780
2.206328164960015e7	780
2.0442034882470608e7	780
2.1887451454631794e7	780
2.450301039036653e7	780
2.0248577615420803e7	780
2.1767831766098212e7	780
2.1345469765957665e7	780
2.346305475026468e7	780
2.3530762130460415e7	780
2.3869079113491412e7	840
2.387120872756064e7	840
2.209122233277507e7	840
2.045613784958039e7	840
2.1880149638583228e7	840
2.4543640834038477e7	840
2.0238612297718357e7	840
2.1794492170925148e7	840
2.131994648744231e7	840
2.341742151013378e7	840
2.349068647561217e7	840
2.386577952524917e7	900
2.383340963957837e7	900
2.2119328655789495e7	900
2.047053321600017e7	900
2.1873295107047155e7	900
2.4584351137530074e7	900
2.022899165673393e7	900
2.129476311348738e7	900
2.182149713326847e7	900
2.3371919278654955e7	900
2.345075093398646e7	900
2.3862928715783622e7	960
2.379569556989286e7	960
2.2147594933791827e7	960
2.048520148858101e7	960
2.186689325767074e7	960
2.462514055728639e7	960
2.0219730174128223e7	960
2.1269938713625632e7	960
2.1848859119664375e7	960
2.3326543600059e7	960
2.3410959333223943e7	960
2.3860541213569332e7	1020
2.3758053493278276e7	1020
2.217601649765801e7	1020
2.0500152084680963e7	1020
2.1860946787063077e7	1020
2.4666005552465893e7	1020
2.0210830877132934e7	1020
2.1245473690929264e7	1020
2.187655611304129e7	1020
2.32813124707374e7	1020
2.3371307339259926e7	1020
2.3858611033387933e7	1080
2.3720498207043e7	1080
2.220460305049706e7	1080
2.0515381503290355e7	1080
2.1855457270815056e7	1080
2.4706948438073598e7	1080
2.020229369428464e7	1080
2.1221370297863044e7	1080
2.190459092570935e7	1080
2.323622344339036e7	1080
2.333181515162445e7	1080
2.3857139323203653e7	1140
2.3683036923947662e7	1140
2.2233331443273973e7	1140
2.05308786499908e7	1140
2.1850420361681752e7	1140
2.4747961549069405e7	1140
2.0194120483182173e7	1140
2.1197624798765633e7	1140
2.19329755472462e7	1140
2.3191282765475042e7	1140
2.32924714928385e7	1140