-0.9927805235571701
-0.11921724384622256
0.992955328884399
0.11776129774659695
0.9931279993934845
0.11630509846442937
-0.9932985347131981
-0.11484864913049574
-0.9934669344768949
-0.11339195287613783
0.9936331983225247
0.11193501283314358
-0.993797325892623
-0.11047783213396624
0.9939593168343184
0.10902041391137875
-0.9941191707993423
-0.10756276129883423
0.9942768874440053
0.10610487743026144
0.9944324664292347
0.10464676544000161
-0.9945859074205349
-0.10318842846302771
-0.9947372100880104
-0.10172986963459857
0.9948863741063719
0.10027109209061956
-0.9950333991549136
-0.0988120989674098
0.9951782849175482
0.09735289340178015
-0.9953210310827708
-0.09589347853096994
0.9954616373436823
0.09443385749258364
-0.9956001033979818
-0.09297403342481038
0.9957364289479722
0.09151400946621926
0.9958706137005665
0.09005378875583742
-0.9960026573672669
-0.08859337443305841
-0.9961325596641842
-0.08713276963772035
0.996260320312031
0.08567197751004253
-0.9963859390361287
-0.08421100119070364
0.9965094155664018
0.0827498438207784
-0.9966307496373825
-0.08128850854167409
0.9967499409882046
0.07982699849520888
0.9968669893626084
0.07836531682354832
-0.9969818945089468
-0.07690346666928356
0.99709465618018
0.07544145117536807
-0.99720527413387
-0.07397927348505408
0.9973137481321964
0.07251693674194253
-0.9974200779419421
-0.07105444409006134
0.9975242633344976
0.06959179867366026
-0.9976263040858764
-0.06812900363740254
0.9977261999766883
0.06666606212630144
-0.9978239507921648
-0.065202977285515
-0.9979195563221431
-0.06373975226067956
0.9980130163610731
0.06227639019770451
0.9981043307080208
0.06081289424270877
-0.9981934991666656
-0.05934926754222676
-0.9982805215452947
-0.057885513242917984
0.998365397656816
0.056421634491858115
-0.9984481273187488
-0.05495763443633366
0.9985287103532248
0.053493516223863564
-0.9986071465869959
-0.05202928300224915
0.9986834358514254
0.050564937919581596
-0.9987575779824958
-0.04910048412410743
0.9988295728208039
0.04763592476437788
0.9988994202115614
0.04617126298910013
-0.9989671200046011
-0.04470650194728677
0.9990326720543695
0.04324164478812119
-0.9990960762199339
-0.04177669466096504
-0.9991573323649758
-0.04031165471540825
0.9992164403577968
0.038846528101276444
0.9992734000713179
0.0373813179684964
-0.9993282113830778
-0.03591602746724543
-0.9993808741752325
-0.03445065974781687
0.9994313883345605
0.03298521796069844
0.9994797537524581
0.031519705256579725
-0.9995259703249401
-0.03005412478621757
0.9995700379526439
0.028588479700564214
-0.9996119565408247
-0.027122773150710818
-0.9996517259993601
-0.02565700828791621
0.9996893462427467
0.02419118826343673
-0.9997248171901021
-0.02272531622877517
0.9997581387651644
0.021259395335503525
0.9997893108962952
0.019793428735298834
-0.9998183335164745
-0.01832741957998613
-0.9998452065633049
-0.016861371021332755
0.99986992997901
0.01539528621133995
0.999892503710435
0.013929168302037168
-0.9999129277090484
-0.012463020445525028
0.9999312019309387
0.010996845793968528
-0.9999473263368168
-0.009530647499636459
-0.9999613008920161
-0.008064428714709899
0.9999731255664916
0.006598192591554299
-0.9999828003348206
-0.005131942282520877
0.999990325176203
0.0036656809399975695
0.9999957000744606
0.002199411716435999
-0.9999989250180374
-0.0007331377641750607
-1.
0.000733137764305845
0.9999989250180372
-0.002199411716566561
-0.9999957000744601
0.003665680940171651
0.9999903251762025
-0.005131942282652326
0.9999828003348198
-0.006598192591683969
-0.9999731255664903
0.008064428714841344
0.9999613008920146
-0.009530647499767904
-0.9999473263368155
0.0109968457941426
0.9999312019309371
-0.012463020445699097
-0.9999129277090466
0.013929168302168607
0.999892503710433
-0.015395286211467832
-0.9998699299790071
0.016861371021460635
-0.9998452065633024
0.018327419580114006
0.9998183335164721
-0.019793428735476435
0.9997893108962925
-0.0212593953356385
-0.9997581387651616
0.02272531622891014
0.9997248171900981
-0.02419118826356459
-0.9996893462427434
0.025657008288044066
-0.9996517259993566
0.027122773150881286
0.9996119565408209
-0.02858847970069206
-0.9995700379526394
0.030054124786345414
0.9995259703249353
-0.03151970525670756
-0.9994797537524536
0.03298521796085467
0.9994313883345561
-0.03445065974795889
0.9993808741752279
-0.03591602746740165
-0.999328211383072
0.037381317968624206
-0.9992734000713125
0.03884652810141845
0.9992164403577906
-0.04031165471556444
0.9991573323649706
-0.041776694661107026
-0.9990960762199279
0.04324164478827736
0.9990326720543639
-0.044706501947414545
-0.9989671200045946
0.04617126298924209
-0.9988994202115541
0.04763592476450563
0.9988295728207977
-0.04910048412426356
0.9987575779824893
-0.050564937919737714
-0.9986834358514188
0.05202928300237687
0.9986071465869876
-0.053493516223991275
-0.9985287103532163
0.05495763443646137
-0.9984481273187384
0.056421634492014185
0.9983653976568087
-0.05788551324307404
0.9982805215452872
-0.05934926754238281
-0.998193499166657
0.060812894242850614
0.9981043307080121
-0.062276390197846344
-0.9980130163610623
0.06373975226082138
-0.997919556322134
0.06520297728562843
0.9978239507921536
-0.06666606212644323
0.9977261999766807
-0.06812900363754432
-0.9976263040858686
0.06959179867383038
-0.9975242633344876
0.07105444409017474
0.9974200779419319
-0.0725169367420559
0.997313748132184
-0.0739792734851958
-0.9972052741338594
0.07544145117548144
0.9970946561801713
-0.0769034666694536
-0.9969818945089358
0.07836531682368998
0.9968669893625994
-0.07982699849529389
-0.9967499409881908
0.08128850854181574
0.9966307496373709
-0.08274984382089169
-0.9965094155663947
0.08421100119087356
0.9963859390361167
-0.08567197751018411
-0.9962603203120212
0.0871327696378053
0.9961325596641692
-0.08859337443319996
-0.9960026573672541
0.09005378875595065
-0.9958706137005587
0.09151400946641738
0.9957364289479618
-0.09297403342495188
-0.9956001033979711
0.0944338574927534
0.9954616373436634
-0.09589347853108311
0.995321031082757
-0.09735289340189329
-0.9951782849175315
0.09881209896760779
-0.9950333991549023
0.10027109209076096
0.9948863741063605
-0.10172986963476821
-0.994737210087993
0.10318842846314079
0.9945859074205201
-0.10464676544011467
0.9944324664292167
-0.10610487743043101
-0.9942768874439932
0.1075627612989755
-0.99411917079933
0.10902041391154826
0.9939593168342997
-0.11047783213407922
-0.9937973258926073
0.11193501283328479
0.9936331983225055
-0.11339195287630727
0.993466934476882
-0.11484864913063692
-0.993298534713185
0.11630509846459874
-0.9931279993934645
0.11776129774670985
0.9929553288843822
-0.119217243846279
0.9927805235571496
-0.12067293363315926
-0.9926035837876226
0.12212836397752899
-0.9924245099561915
0.12358353175037833
0.9922433024478582
-0.1250384338230362
0.9920599616522265
-0.1264930670675157
-0.9918744879634582
0.12794742835657696
-0.9916868817803368
0.12940151456322654
0.991497143506187
0.13085532256134425
0.9913052735489392
-0.13230884922518266
-0.9911112723211215
-0.1337620914297119
-0.9909151402398148
0.13521504605068266
0.9907168777267187
0.1366677099641259
0.9905164852080598
-0.13812008004697923
-0.9903139631146979
-0.1395721531765868
-0.9901093118820405
0.14102392623115634
0.9899025319500725
-0.1424753960893156
-0.9896936237633872
0.14392655963045672
0.9894825877710973
-0.14537741373479926
-0.9892694244269471
0.14682795528289047
0.989054134189222
0.1482781811562308
0.9888367175207796
-0.14972808823677447
-0.9886171748890834
-0.15117767340727364
-0.9883955067661082
0.15262693355134105
0.9881717136284579
-0.15407586555295108
-0.9879457959572713
0.15552446629706457
0.9877177542382543
-0.15697273266912984
-0.987487588961715
0.1584206615554265
0.9872553006224557
0.159868249843128
0.987020889719942
-0.16131549441980342
-0.9867843567581127
0.16276239217404131
0.9865457022455051
-0.16420893999495154
-0.9863049266952455
-0.1656551347725085
-0.9860620306249458
0.16710097339761376
0.9858170145568804
-0.16854645276159827
-0.9855698790177874
0.1699915697568456
0.9853206245389987
-0.1714363212762943
-0.9850692516564318
0.1728807042137808
0.9848157609104804
0.17432471546410178
0.9845601528461995
-0.17576835192251725
-0.9843024280130978
-0.17721161048537282
-0.9840425869652739
0.17865448804960274
0.9837806302613973
0.1800969815130723
0.9835165584646447
-0.1815390877746404
-0.9832503721427817
0.18298080373360692
0.982982071868089
-0.1844221262906699
-0.9827116582174129
0.18586305234664666
0.9824391317721123
-0.18730357880370999
-0.9821644931180981
0.18874370256489162
0.9818877428458761
-0.19018342053386583
-0.9816088815504282
-0.19162272961556986
-0.9813279098313072
0.19306162671515054
0.9810448282925702
0.19450010873914264
0.980759637542821
-0.19593817259497323
-0.9804723381952537
0.19737581519074543
0.9801829308675295
-0.1988130334358581
-0.9798914161818749
-0.20024982423995383
-0.9795977947650136
0.20168618451409567
0.9793020672481977
-0.2031221111702723
-0.9790042342673109
0.2045576011211818
0.9787042964626262
-0.20599265128085076
-0.9784022544790223
0.20742725856358366
0.978098108965855
-0.20886141988513793
-0.9777918605770024
0.21029513216222964
0.9774835099709704
-0.21172839231231796
-0.9771730578106425
0.21316119725422303
0.9768605047635035
0.21459354390707705
0.9765458515015072
-0.21602542919149756
-0.9762290987011217
-0.21745685002909387
-0.9759102470434402
0.2188878033422518
0.975589297213921
-0.2203182860547507
-0.9752662499026191
0.22174829509071609
0.97494110580405
0.2231778273757911
0.9746138656172358
-0.22460687983664374
-0.9742845300458203
0.22603544940075196
0.9739530997977992
-0.2274635329970196
-0.9736195755857616
-0.22889112755473082
-0.9732839581267074
0.23031823000471965
0.9729462481422931
0.23174483727887796
0.9726064463585572
-0.23317094631016205
-0.9722645535060348
0.23459655403210197
0.9719205703198098
-0.23602165737996902
-0.9715744975393668
-0.23744625328978708
-0.9712263359088433
0.23887033869861596
0.9708760861767343
0.24029391054516494
0.9705237490960914
-0.241716965768254
-0.970169325424372
-0.2431395013084762
-0.969812815923546
0.2445615141076521
0.9694542213602344
0.24598300110861548
0.9690935425052918
-0.24740395925466965
-0.9687307801341926
0.2488243854912466
0.9683659350268343
-0.250244276764371
-0.9679990079676775
0.25166363002132786
0.9676299997455736
-0.2530824422106688
-0.9672589111538772
0.2545007102817788
0.9668857429904444
-0.25591843118554275
-0.966510496057457
0.25733560187380194
0.9661331711618276
-0.25875221929991027
-0.9657537691147626
-0.2601682804183011
-0.9653722907319039
0.2615837821839451
0.9649887368334455
0.2629987215540037
0.9646031082439848
-0.2644130954862986
-0.9642154057926686
-0.2658269009399768
-0.9638256303130138
0.2672401348755171
0.9634337826430236
0.26865279425429844
0.963039863625156
-0.2700648760392637
-0.9626438741062924
0.27147637719437856
0.962245814937857
-0.2728872946851853
-0.9618456869756632
-0.27429762547837144
-0.9614434910799098
0.27570736654122996
0.9610392281153342
-0.2771165148433058
-0.9606328989510557
0.27852506735487154
0.9602245044607305
-0.2799330210475902
-0.9598140455223604
0.28134037289452124
0.9594015230184173
-0.2827471198696906
-0.9589869378358099
0.28415325894875226
0.9585702908658488
0.2855587871085579
0.9581515830043746
-0.2869637013271638
-0.9577308151515947
0.28836799858449064
0.9573079882120794
-0.28977167586069663
-0.9568831030949241
0.2911747301383618
0.9564561607135831
-0.2925771584008612
-0.9560271619860333
0.2939789576330247
0.9555961078345737
-0.295380124821143
-0.955162999185955
-0.29678065695254
-0.9547278369713452
0.29818055101623087
0.9542906221262935
-0.2995798040024938
-0.9538513555908635
0.3009784129030938
0.953410038309429
-0.3023763747108552
-0.9529666712308406
0.30377368642021085
0.9525212553081833
-0.3051703450272075
-0.9520737914992926
0.3065663475289714
0.9516242807660614
0.3079616909242554
0.951172724074956
-0.30935637221290535
-0.950719122396807
-0.310750388396515
-0.9502634767068063
0.31214373647799976
0.9498057879846464
0.31353641346171157
0.9493460572143063
-0.3149284163535531
-0.9488842853841905
0.3163197421605524
0.9484204734871277
-0.3177103878915172
-0.9479546225201525
-0.31910035055650154
-0.9474867334850445
0.32048962716735147
0.9470168073876036
0.3218782147371721
0.9465448452381902
-0.32326611028033503
-0.9460708480515057
0.32465331081302257
0.94559481684659
-0.32603981335280363
-0.9451167526469669
0.3274256149187477
0.9446366564804205
-0.3288107125315389
-0.9441545293791399
-0.3301951032130524
-0.943670372379719
0.33157878398700563
0.9431841865229269
0.33296175187842775
0.942695972854234
-0.33434400391420205
-0.9422057324232451
0.33572553712253633
0.9417134662838832
-0.33710634853296984
-0.9412191754945408
-0.33848643517691496
-0.9407228611178866
0.3398657940872353
0.9402245242210557
-0.34124442229835883
-0.9397241658754161
0.3426223168463915
0.9392217871567199
0.3439994747686961
0.9387173891451026
-0.3453758931045396
-0.9382109729248449
-0.34675156889456554
-0.9377025395849193
0.34812649918133404
0.9371920902184007
-0.34950068100890086
-0.9366796259226573
0.350874111422292
0.9361651477995087
-0.35224678746910776
-0.935648656955024
0.35361870619803765
0.9351301544997199
0.3549898646595059
0.9346096415483182
-0.35636025990567743
-0.9340871192199028
-0.3577298889900395
-0.9335625886379187
0.3590987489680452
0.9330360509299246
0.3604668368965889
0.9325075072281614
-0.36183414983454315
-0.9319769586689388
0.36320068484234014
0.9314444063928348
-0.3645664389814492
-0.9309098515448584
-0.36593140931597196
-0.9303732952742418
0.36729559291116554
0.9298347387346448
-0.3686589868340844
-0.929294183083903
0.37002158815358643
0.9287516294841914
-0.37138339393991665
-0.9282070791019809
0.3727444012653474
0.9276605331079926
-0.3741046072036567
-0.9271119926773654
0.3754640088306616
0.926561458989442
-0.3768226032238029
-0.9260089332277645
0.378180387461625
-0.9254544165802859
0.37953735862536214
0.9248979102391539
-0.3808935137974699
-0.9243394154009233
0.3822488500622635
0.9237789332662949
-0.383603364505924
-0.923216465040285
0.38495705421608417
0.922652011932136
-0.3863099162824649
-0.9220855751554894
0.3876619477964616
0.9215171559281201
-0.3890131458513601
0.9209467554721533
-0.39036350754192367
-0.9203743750138409
0.3917130299649237
0.9198000157837352
-0.3930617102191448
-0.9192236790169107
0.39440954540486856
0.9186453659522923
-0.39575653262440225
-0.918065077833277
0.3971026689815631
0.9174828159074631
-0.398447951582311
-0.9168985814266475
0.39979237753433683
-0.916312375647004
0.4011359439471734
0.9157241998288083
-0.4024786479323053
-0.9151340552366175
0.4038204866027593
0.914541943139267
-0.4051614570736309
0.9139478648095924
-0.4065015564620898
-0.9133518215251171
0.4078407818868667
-0.9127538145671282
0.409179130468779
0.9121538452213653
-0.41051659933021795
0.9115519147777408
-0.4118531855957776
-0.9109480245303364
0.4131888863918457
0.9103421757775882
-0.4145236988467137
-0.9097343698220024
0.41585762009068633
-0.9091246079703398
0.41719064725567423
0.9085128915336139
-0.4185227774758205
0.9078992218268028
-0.4198540078869901
-0.9072836001695597
0.42118433562729213
-0.9066660278852585
0.4225137578365696
0.906046506301705
-0.42384227165640664
0.9054250367508484
-0.4251698742306496
-0.9048016205687771
0.42649656270500086
0.9041762590959103
-0.42782233422712795
-0.9035489536767042
0.4291471859467727
-0.9029197056598429
0.43047111501534624
0.902288516398236
-0.43179411858655153
0.9016553872487214
-0.4331161938158763
-0.9010203195727491
0.43443733786111133
0.9003833147356431
-0.4357575478818445
-0.8997443741068423
0.4370768210394671
0.899103499060095
-0.4383951544976919
-0.8984606909732096
0.43971254542214944
-0.8978159512283
0.4410289909804968
0.8971692812114838
-0.4423444883425255
0.8965206823130779
-0.4436590346797596
-0.8958701559275973
0.444972627166074
-0.8952177034534479
0.44628526297719046
0.8945633262936318
-0.44759693929119293
-0.8939070258549862
0.448907653288126
0.8932488035484314
-0.45021740214949385
0.8925886607891728
-0.4515261830597901
-0.8919265989964418
0.4528339932050814
-0.8912626195937502
0.45414082977362313
0.8905967240085784
-0.455446689955865
0.889928913672578
-0.45675157094405233
-0.889259190021569
0.4580554699328392
0.8885875544952251
-0.45935838411878893
-0.8879140085378507
0.4606603107008851
-0.8872385535972845
0.4619612468800322
0.8865611911259399
-0.4632611898591635
-0.885881922580017
0.464560136843247
0.8852007494197072
-0.4658580850397953
0.8845176731099306
-0.46715503165846767
-0.8838326951190658
0.4684509739106742
0.8831458169196841
-0.4697459090099852
-0.8824570399887619
0.4710398341727384
0.881766365806931
-0.4723327466166402
-0.8810737958592227
0.47362464356237644
-0.8803793316347454
0.47491552223221467
0.8796829746263565
-0.4762053798506124
-0.8789847263313062
0.47749421364482236
0.8782845882509117
-0.4787820208434986
0.8775825618902275
-0.48006879867830154
-0.8768786487588028
0.48135454438250547
-0.8761728503699167
0.4826392551916044
0.8754651682407902
-0.4839229283437158
-0.8747556038933537
0.48520556107918766
0.8740441588529256
-0.4864871506402066
0.8733308346489764
-0.48776769427120287
-0.8726156328153485
0.489047189219451
0.8718985548894783
-0.4903256327336862
-0.8711796024131683
0.4916030220656975
-0.8704587769322522
0.4928793544689456
0.8697360799963674
-0.49415462719916414
0.8690115131591738
-0.49542883751476086
-0.8682850779785759
0.49670198267642685
0.8675567760164962
-0.4979740599465511
-0.8668266088385318
0.49924506659060786
-0.8660945780147422
0.5005149998757814
0.8653606851187403
-0.5017838570715641
-0.8646249317284828
0.5030516354503527
0.8638873194259271
-0.5043183322860758
-0.8631478497966847
0.505583944855774
0.8624065244308178
-0.5068484704382293
0.8616633449220346
-0.5081119063145616
-0.860918312867913
0.5093742497686254
0.860171429870707
-0.5106354980866233
-0.8594226975359576
0.5118956485567212
0.8586721174732955
-0.5131546984694458
-0.8579196912966737
0.5144126451182758
-0.857165420623548
0.515669485798281
0.8564093070756895
-0.5169252178076892
-0.8556513522788328
0.5181798384465267
0.8548915578623184
-0.5194333450172103
-0.8541299254599125
0.5206857348251348
0.853366456708861
-0.5219370051773188
-0.852601153250831
0.5231871533837705
0.8518340167309599
-0.5244361767569101
-0.8510650487988017
0.5256840726111883
0.850294251107371
-0.5269308382634807
-0.8495216253139741
0.5281764710336732
0.848747173079849
-0.5294209682433134
0.8479708960697998
-0.5306643272171636
-0.8471927959530348
0.5319065452818535
0.8464128744023208
-0.533147619766467
-0.8456311330942187
0.5343875480029312
-0.8448475737099285
0.5356263273256372
0.8440621979338327
-0.5368639550710619
-0.8432750074543388
0.5381004285781584
0.8424860039641219
-0.539335745188937
0.8416951891592662
-0.5405699022471282
-0.8409025647401176
0.5418028970997218
0.840108132410913
-0.5430347270956318
-0.839311893879407
0.5442653895862773
0.8385138508577306
-0.5454948819261602
-0.8377140050614
0.546723201471535
0.8369123582101786
-0.5479503455817496
-0.8361089120277028
0.5491763116188685
0.8353036682412287
-0.5504010969463485
-0.8344966285818761
0.5516246989313259
0.833687794784876
-0.5528471149432899
-0.8328771685893177
0.5540683423539002
0.8320647517377667
-0.555288378537373
-0.8312505459771421
0.556507220871053
0.8304345530577044
-0.5577248667340949
-0.8296167747339349
0.5589413135087933
-0.8287972127641547
0.5601565585802081
0.8279758689102661
-0.5613705993348526
0.8271527449380006
-0.5625834331629598
-0.8263278426171725
0.5637950574571687
0.8255011637214204
-0.565005469612155
-0.8246727100278174
0.5662146670259517
0.8238424833177663
-0.5674226470986401
-0.8230104853759671
0.5686294072329194
-0.8221767179913139
0.5698349448346735
0.821341182956506
-0.5710392573116658
0.8205038820676548
-0.5722423420750417
-0.8196648171251865
0.5734441965380253
-0.8188239899329306
0.5746448181164868
0.8179814022983739
-0.5758442042293197
-0.8171370560337031
0.5770423522982585
0.8162909529535778
-0.5782392597463993
-0.8154430948773508
0.5794349240013627
0.8145934836280183
-0.580629342491957
-0.8137421210319502
0.5818225126505961
0.8128890089198095
-0.5830144319118219
-0.8120341491254919
0.5842050977128663
0.8111775434870473
-0.5853945074942102
0.81031919384628
-0.5865826586982965
-0.8094591020483447
0.5877695487710115
-0.8085972699426744
0.5889551751604001
0.80773369938191
-0.5901395353172246
-0.8068683922228301
0.5913226266955208
0.8060013503259489
0.5925044467515013
0.8051325755551061
-0.5936849929441124
-0.8042620697785406
-0.5948642627355886
-0.8033898348671332
0.596042253589994
0.8025158726966978
-0.5972189629756041
-0.801640185146358
0.5983943883618053
0.8007627740981313
-0.5995685272212943
-0.7998836414392362
0.600741377030625
0.7990027890590948
0.6019129352671212
0.7981202188516434
-0.6030831994128838
-0.7972359327149243
-0.6042521669517046
-0.7963499325494356
0.6054198353696211
0.7954622202604575
-0.6065862021570939
-0.7945727977562641
0.6077512648059338
0.7936816669492192
-0.6089150208116594
-0.7927888297553605
0.6100774676720563
0.7918942880939787
0.6112386028877259
0.7909980438885836
-0.6123984239626296
-0.7901000990657902
-0.6135569284028338
-0.7892004555562859
0.6147141137179556
0.788299115294412
0.6158699774199081
0.787396080217738
-0.6170245170234474
-0.786491352268177
0.618177730046713
0.7855849333901599
-0.6193296140098022
-0.7846768255330158
-0.620480166437099
-0.7837670306492859
0.6216293848542428
0.7828555506942905
0.6227772667902782
0.7819423876285269
-0.6239238097781902
-0.7810275434145548
-0.6250690113518859
-0.7801110200193972
0.6262128690501115
0.7791928194141157
-0.627355380413436
-0.7782729435720966
0.6284965429847928
0.7773513944714676
0.6296363543116091
0.7764281740932402
-0.6307748119428008
-0.7755032844224474
0.6319119134310783
0.7745767274477128
-0.6330476563315377
-0.7736485051608128
-0.6341820382021969
-0.7727186195576801
0.6353150566045276
0.7717870726372464
0.6364467091022299
0.7708538664024482
-0.6375769932626425
-0.7699190028597904
0.6387059066555197
0.768982484018906
-0.6398334468535638
-0.7680443118935669
0.6409596114329537
0.7671044885005187
-0.6420843979719525
-0.7661630158604928
0.6432078040531816
0.7652198959979145
-0.6443298272606608
-0.7642751309397258
-0.645450465181908
-0.7633287227180162
0.6465697154084603
0.7623806733667962
0.647687575532929
0.7614309849244834
-0.648804043152822
-0.7604796594334634
0.6499191158676003
0.7595266989383147
-0.6510327912792065
-0.7585721054883109
0.6521450669941428
0.7576158811354973
-0.6532559406205385
-0.7566580279358697
-0.6543654097704
-0.7556985479489269
0.6554734720582363
0.7547374432372186
-0.6565801251015818
-0.7537747158673834
0.6576853665215159
0.7528103679089518
0.6587891939414663
0.7518444014353864
-0.6598916049885865
-0.7508768185236303
-0.660992597292561
-0.7499076212536518
0.6620921684861258
0.7489368117094907
-0.6631903162055836
-0.7479643919780514
0.6642870380896155
0.7469903641501516
0.6653823317806495
0.7460147303200675
-0.6664761949236735
-0.7450374925850739
0.6675686251665823
0.744058653046348
-0.6686596201615373
-0.7430782138086638
-0.6697491775619234
-0.7420961769791697
0.6708372950260766
0.7411125446701231
0.6719239702144137
0.7401273189955359
-0.6730092007899493
-0.7391405020737593
0.6740929844203183
0.7381520960270267
-0.6751753187749204
-0.7371621029796098
0.6762562015271116
0.736170525060418
-0.677335630352865
-0.7351773644010006
0.6784136029312805
0.7341826231367706
-0.6794901169450903
-0.7331863034065407
0.6805651700794942
0.7321884073520533
-0.6816387600235002
-0.7311889371190583
0.6827108844687617
0.7301878948560707
-0.683781541110084
-0.7291852827154504
-0.6848507276459261
-0.7281811028529328
0.6859184417772438
0.7271753574271571
0.6869846812088214
0.7261680486007517
-0.6880494436481168
-0.7251591785390816
0.6891127268057646
0.7241487494113373
-0.690174528396074
-0.723136763390062
0.6912348461357163
0.7221232226506753
-0.6922936777457043
-0.7211081293727251
-0.6933510209494229
-0.7200914857379955
0.6944068734729675
0.7190732939323904
0.6954612330471119
0.7180535561456177
-0.6965140974045304
-0.7170322745692865
-0.6975654642819292
-0.7160094513995903
0.698615331418744
0.7149850888352445
0.6996636965576358
0.7139591890787503
-0.7007105574449826
-0.7129317543359147
0.7017559118297465
0.7119027868153666
-0.7027997574647776
-0.710872288729668
-0.7038420921056832
-0.7098402622940333
0.70488291351132
0.7088067097274416
-0.7059222194442825
-0.7077716332521543
0.706960007669778
0.7067350350932275
-0.7079962759569212
-0.7056969174796315
0.7090310220776115
0.7046572826429595
0.710064243807022
0.7036161328185497
-0.7110959389240838
-0.7025734702449987
0.71212610521021
0.70152929716367
-0.7131547404513785
-0.700483615819984
-0.7141818424354219
-0.6994364284613069
0.71520740895395
0.6983877373397026
-0.7162314378026677
-0.6973375447099829
0.7172539267794732
0.6962858528293724
-0.7182748736863693
-0.6952326639594598
0.7192942763281982
0.6941779803642366
0.7203121325131233
0.6931218043113976
-0.7213284400531063
-0.6920641380718473
0.7223431967628072
0.6910049839192021
-0.7233564004608507
-0.6899443441309334
0.7243680489687279
0.6888822209870499
-0.7253781401112741
-0.6878186167712421
0.7263866717171436
0.6867535337703862
-0.7273936416177166
-0.6856869742740417
0.7283990476483566
0.6846189405756039
-0.7294028876473208
-0.6835494349709756
-0.7304051594562339
-0.6824784597597207
0.7314058609205585
0.6814060172445636
0.7324049898886671
0.6803321097308845
-0.7334025442123139
-0.6792567395280458
0.7343985217471024
0.6781799089472204
-0.7353929203512539
-0.6771016203042225
0.736385737887618
0.676021875917502
-0.737376972221056
-0.6749406781076328
0.7383666212202976
0.6738580292001574
-0.7393546827582467
-0.6727739315218925
0.7403411547101468
0.6716883874039448
-0.7413260349554246
-0.6706013991803634
0.7423093213764701
0.6695129691877969
-0.7432910118591008
-0.6684230997666679
-0.7442711042930221
-0.6673317932598185
0.7452495965707666
0.666239052013687
-0.7462264865889147
-0.6651448783777977
0.7472017722470362
0.6640492747042449
0.7481754514481513
0.6629522433488768
-0.7491475220991869
-0.6618537866699311
-0.7501179821099245
-0.6607539070292199
0.7510868293942112
0.6596526067916157
-0.7520540618689097
-0.6585498883245329
0.7530196774543553
0.6574457539992894
-0.7539836740748089
-0.656340206188878
0.7549460496572644
0.6552332472708717
0.755906802133395
0.6541248796253648
-0.7568659294370207
-0.653015105634448
-0.7578234295059048
-0.6519039276851281
0.7587793002821986
0.6507913481655361
-0.7597335397099254
-0.6496773694678496
0.7606861457382448
0.6485619939877743
-0.761637116318792
-0.6474452241224625
0.7625864494068677
0.6463270622734485
-0.7635341429617342
-0.6452075108443931
0.7644801949455907
0.6440865722424649
-0.765424603324753
-0.6429642488778154
0.7663673660686304
0.6418405431630514
0.767308481150171
0.6407154575144481
-0.7682479465463034
-0.6395889943505502
-0.7691857602369194
-0.6384611560933872
0.7701219202060443
0.6373319451679458
-0.7710564244408223
-0.6362013640016386
0.7719892709319587
-0.6350694150257006
0.7729204576741562
0.6339361006729033
-0.7738499826649643
-0.6328014233805339
0.7747778439066582
0.6316653855882848
-0.7757040394037931
0.6305279897377148
-0.7766285671649398
-0.6293892382752425
0.7775514252031134
0.6282491336482597
-0.7784726115333438
-0.6271076783081261
0.7793921241758283
0.6259648747096381
-0.7803099611535039
-0.6248207253088967
0.7812261204924859
0.6236752325663133
-0.7821406002237754
-0.6225283989443012
0.7830533983808482
-0.6213802269086885
0.7839645130015043
0.6202307189281824
-0.7848739421267383
-0.6190798774738266
0.78578168380117
0.6179277050202461
-0.786687736073469
-0.6167742040442123
0.7875920969953744
0.6156193770258898
-0.7884947646228235
0.6144632264482939
-0.7893957370149731
-0.6133057547967483
0.7902950122346257
-0.6121469645599545
0.7911925883486509
0.6109868582294498
-0.7920884634268753
0.6098254382990609
-0.792982635543894
-0.6086627072663395
0.7938751027767138
-0.6074986676302135
0.7947658632064252
0.6063333218940478
-0.7956549149186155
0.6051666725634749
-0.7965422560010285
-0.6039987221458443
0.7974278845466013
-0.6028294731532936
0.7983117986511259
0.6016589280987599
-0.7991939964136714
0.6004870894990534
-0.8000744759382289
-0.5993139598743122
0.8009532353313891
-0.5981395417458136
0.8018302727041234
0.5969638376390601
-0.8027055861706971
0.5957868500814085
-0.8035791738490822
-0.5946085816035218
0.8044510338613676
-0.5934290347388178
0.8053211643328154
0.5922482120229139
-0.8061895633929465
0.5910661159949023
-0.8070562291745988
-0.5898827491958806
0.8079211598143385
0.5886981141702277
-0.8087843534528641
-0.5875122134650501
0.8096458082340727
-0.586325049629624
0.8105055223061346
0.585136625216861
-0.811363493820562
-0.5839469427809094
0.8122197209324818
0.5827560048802807
-0.8130742018017001
-0.581563814075634
0.8139269345903187
0.5803703729292117
-0.8147779174656545
-0.5791756840079798
0.815627148597992
0.5779797498795503
-0.8164746261609886
0.5767825731155087
-0.817320348333256
-0.575584156289928
0.8181643132961279
-0.5743845019788032
0.8190065192355025
0.5731836127620918
-0.8198469643401448
0.5719814912212907
-0.8206856468033897
-0.5707781399405442
0.8215225648223595
-0.5695735615081344
0.8223577165969328
0.5683677585123672
-0.8231911003325995
-0.5671607335467969
0.8240227142370958
0.5659524892061096
-0.824852556521968
-0.5647430280876121
0.8256806254041142
0.5635323527923521
-0.8265069191024452
0.5623204659228631
-0.8273314358407163
-0.561107370084658
0.8281541738465014
-0.5598930678854724
0.8289751313504327
0.5586775619367654
-0.8297943065877369
-0.5574608548514546
0.8306116977972167
0.5562429492450381
-0.8314273032217633
-0.555023847736725
0.8322411211073484
0.5538035529471615
-0.8330531497045461
-0.5525820674995587
0.8338633872677755
0.5513593940208238
-0.8346718320545522
0.5501355351392819
-0.8354784823270008
-0.5489104934861858
0.8362833363511015
0.54768427169495
-0.8370863923959482
-0.5464568724026679
0.837887648735249
-0.5452282982478236
0.8386871036463318
0.5439985518714255
-0.8394847554103975
-0.5427676359185288
0.8402806023127698
0.5415355530340313
-0.8410746426419132
0.5403023058676301
-0.8418668746909168
-0.5390678970715278
0.84265729675651
0.5378323292981276
-0.8434459071395584
-0.5365956052050048
0.8442327041440888
-0.5353577274506885
0.8450176860787609
0.5341186986961868
-0.8458008512561346
0.5328785216061352
-0.8465821979919472
-0.5316371988464857
0.8473617246065746
-0.5303947330860376
0.8481394294243034
0.5291511269956614
-0.8489153107726142
0.5279063832498367
-0.8496893669836313
-0.5266605045243324
0.8504615963934012
-0.5254134934973557
0.8512319973411795
0.5241653528507086
-0.8520005681708717
0.5229160852674624
-0.8527673072300781
-0.521665693433109
0.8535322128705745
0.5204141800367214
-0.8542952834473669
-0.5191615477686206
0.8550565173201186
0.5179077993219208
-0.8558159128524393
-0.5166529373917467
0.8565734684109506
0.5153969646767844
-0.8573291823678749
-0.5141398838769411
0.8580830530979842
-0.5128816976948949
0.8588350789800174
0.5116224088357009
-0.8595852583980793
0.5103620200063936
-0.8603335897386123
-0.5091005339175454
0.8610800713929637
-0.507837953280915
0.8618247017564558
0.5065742808106131
-0.8625674792276982
0.5053095192242739
-0.8633084022099773
-0.5040436712406975
0.8640474691103355
-0.5027767395810181
0.8647846783400339
0.501508726969879
-0.865520028313642
0.500239636133069
-0.866253517450413
-0.4989694697990873
0.8669851441735981
-0.4976982306983514
0.8677149069097725
0.4964259215647681
-0.8684428040901998
0.49515254513336193
-0.8691688341501522
-0.493878104141451
0.8698929955282411
0.4926026013302236
-0.8706152866677708
-0.49132603944038244
0.8713357060158416
0.4900484212172804
-0.8720542520238006
-0.4887697494085441
0.8727709231463538
0.4874900267616854
-0.8734857178429075
-0.48620925602925213
0.8741986345766788
0.48492743996445836
-0.8749096718149224
-0.4836445813227644
0.8756188280291537
0.4823606828630657
-0.8763261016942723
-0.48107574734530006
0.8770314912898858
-0.47978977753203245
0.8777349952996497
0.4785027761876522
-0.8784366122106195
0.47721474607996406
-0.8791363405145628
-0.4759256899777874
0.8798341787073047
0.47463561065214604
-0.8805301252880858
-0.4733445108774642
0.8812241787608627
-0.47205239342915983
0.8819163376334452
0.4707592610848377
-0.8826066004179308
0.46946511662548773
-0.8832949656298511
-0.46816996283307294
0.8839814317894602
0.4668738024921273
-0.8846659974210925
-0.4655766383889463
0.8853486610523207
-0.46427847331319055
0.8860294212162894
0.46297931005546605
-0.8867082764489647
0.4616791514085235
-0.8873852252904132
-0.4603780001688672
0.8880602662860589
0.45907585913231136
-0.8887333979839593
-0.4577727310992189
0.8894046189371151
0.4564686188720773
-0.8900739277026327
-0.455163525253063
0.8907413228411072
-0.45385745304929404
0.8914068029178711
0.4525504050683739
-0.8920703665021662
0.4512423841200028
-0.8927320121675596
-0.44993339301718993
0.8933917384911266
-0.4486234345738134
0.894049544054685
0.44731251160582985
-0.8947054274441796
0.4460006269324896
-0.8953593872490779
-0.4446877833738909
0.8960114220635937
-0.44337398375260006
0.896661530486077
0.44205923089283095
-0.8973097111184148
0.44074352762207025
-0.8979559625672443
-0.439426876768625
0.8986002834431479
0.43810928116283826
-0.8992426723610579
-0.43679074363871934
0.8998831279394631
-0.43547126702944067
0.9005216488016065
0.4341508541726469
-0.9011582335748883
-0.432829507907998
0.9017928808900829
0.43150723107470146
-0.9024255893835089
-0.43018402651683474
0.9030563576944715
0.4288598970788298
-0.9036851844664521
-0.4275348456071062
0.9043120683482759
0.42620887495129867
0.9049370079915812
0.42488198796178545
-0.9055600020529647
-0.42355418749132573
-0.9061810491932043
-0.42222547639423036
0.9068001480766856
0.42089585752800446
0.9074172973725614
0.4195653337508687
-0.9080324957539828
-0.4182339079229881
-0.9086457418984856
-0.41690158290770607
0.909257034487232
0.41556836156906046
-0.9098663722061558
-0.4142342467730152
0.9104737537453909
0.4128992413886965
0.9110791777985245
0.41156334828590413
-0.911682643064668
-0.4102265703367601
0.9122841482460166
0.40888891041487374
-0.9128836920489846
-0.40755037139699535
0.9134812731853181
0.4062109561605209
-0.9140768903696825
-0.40487066758472884
-0.9146705423217081
-0.40352950855243885
0.9152622277652473
0.40218748194543064
-0.9158519454278313
-0.4008445906498446
0.9164396940417718
0.3995008375536824
0.9170254723434308
0.3981562255442976
-0.9176092790735866
-0.39681075751380823
0.9181911129767137
0.3954644363545052
-0.9187709728020718
-0.3941172649605124
0.9193488573031617
0.39276924622903536
-0.9199247652371945
-0.39142038305784815
-0.9204986953661682
-0.3900706783469578
0.9210706464563311
0.38872013499776176
0.9216406172776538
0.3873687559147173
-0.9222086066048977
-0.386016544002822
0.9227746132169059
0.3846635021688628
-0.9233386358969594
-0.3833096333230902
0.9239006734320799
0.3819549403745938
-0.9244607246140822
-0.38059942623675413
0.9250187882390494
0.3792430938247192
-0.9255748631066463
-0.3778859460528722
-0.9261289480220218
-0.3765279858402941
0.9266810417935679
0.37516921610612974
0.9272311432339624
0.3738096397712632
-0.9277792511611894
-0.3724492597595778
0.9283253643963256
0.3710880789954201
-0.9288694817654177
-0.36972610040527953
-0.9294116020988008
-0.3683633269169381
0.9299517242305995
0.3669997614611551
-0.930489846999739
-0.36563540696912444
0.9310259692494408
0.3642702663737356
-0.9315600898267289
-0.3629043426108383
0.9320922075834299
0.3615376386166962
-0.9326223213755097
-0.3601701573292493
0.9331504300634065
0.35880190168938125
0.9336765325113778
0.35743287463836837
-0.9342006275884867
-0.35606307911956936
-0.934722714168109
-0.35469251807757
0.9352427911274538
0.3533211944598773
0.9357608573485364
0.3519491112143625
-0.9362769117176931
-0.3505762712905293
0.9367909531249463
0.34920267764121166
-0.9373029804657632
-0.34782833321788226
0.9378129926388261
0.3464532409761839
-0.9383209885477866
-0.34507740387336894
0.938826967100628
0.3437008248657306
-0.9393309272092012
-0.3423235069141447
-0.9398328677901672
-0.3409454529793682
0.9403327877643718
0.33956666602373964
-0.9408306860571594
-0.3381871490124565
0.9413265615977576
0.3368069049110031
-0.9418204133202068
-0.33542593668685444
0.9423122401628957
0.33404424730861376
-0.9428020410681093
-0.3326618397477204
0.9432898149829461
0.3312787169758723
-0.9437755608588602
-0.32989488196630434
0.9442592776512142
0.32851033769507015
-0.9447409643201853
-0.32712508713846095
0.9452206198301647
0.32573913327428544
0.945698243150058
0.3243524790831542
-0.9461738332526962
-0.3229651275458939
0.9466473891157261
0.32157708164526033
-0.9471189097211655
-0.3201883443655021
-0.9475883940548245
-0.3187989186919233
0.9480558411079112
0.3174088076126007
-0.9485212498751392
-0.31601801411579233
0.9489846193556098
0.3146265411916539
0.9494459485536703
0.3132343918313702
-0.9499052364770492
-0.31184156902887566
0.9503624821384373
0.31044807577825734
-0.9508176845549141
-0.30905391507504304
-0.9512708427475284
-0.30765908991749275
0.9517219557421478
0.3062636033039979
-0.9521710225688957
-0.3048674582343713
0.952618042262433
0.30347065771114046
-0.953063013861406
-0.30207320473694327
0.953505936409281
0.30067510231625316
0.9539468089539268
0.299276353454506
-0.95438563054721
-0.29787696115982903
-0.9548224002458169
-0.29647692844043144
0.9552571171108429
0.2950762583058986
-0.9556897802073929
-0.29367495376892433
0.9561203886053921
0.29227301784052434
-0.9565489413790476
-0.2908704535356793
0.9569754376071186
0.2894672638707225
-0.957399876372389
-0.2880634518607204
0.9578222567624635
0.28665902052512393
0.9582425778692393
0.2852539728829745
-0.9586608387890412
-0.2838483119546379
-0.9590770386227522
-0.28244204076310625
0.9594911764752994
0.28103516233137604
0.9599032514564307
0.2796276796837486
-0.9603132626803268
-0.2782195958471338
0.960721209265224
0.27681091384842466
-0.9611270903341792
-0.2754016367162367
-0.9615309050146877
-0.27399176748002757
0.961932652438312
0.27258130917183976
0.9623323317414354
0.2711702648236706
-0.9627299420647616
-0.26975863746877665
-0.9631254825535652
-0.2683464301429814
0.963518952357203
0.2669336458820419
-0.9639103506298522
-0.26552028772295494
0.9642996765301409
0.26410635870526633
-0.9646869292206715
-0.2626918618684341
0.9650721078693447
0.2612768002535754
-0.9654552116477997
-0.25986117690258265
0.9658362397321414
0.25844499485987293
-0.966215191303646
-0.2570282571697477
0.9665920655472275
0.25561096687814183
-0.9669668616527379
-0.25419312703217833
0.9673395788144944
0.2527747406797218
0.9677102162309372
0.2513558108711314
-0.9680787731053253
-0.24993634065661527
0.9684452486452746
0.24851633308754273
-0.9688096420629886
-0.24709579121775957
-0.9691719525748086
-0.24567471810093927
0.9695321794018935
0.24425311679189676
-0.9698903217698792
-0.24283099034790542
0.9702463789085505
0.24140834182604495
0.9706003500525088
0.23998517428495833
-0.9709522344408376
-0.23856149078396285
0.97130203131678
0.23713729438480974
-0.9716497399283948
-0.23571258814902843
0.9719953595281209
0.23428737513924383
-0.972338889372995
-0.23286165842093878
0.9726803287242272
0.2314354410575841
-0.973019676847842
-0.23000872611637987
-0.9733569330143576
-0.22858151666559715
0.9736920964983724
0.22715381577191426
-0.9740251665797129
-0.22572562650616473
0.9743561425420819
0.22429695193846128
-0.9746850236736897
-0.22286779513995933
0.9750118092677607
0.22143815918418097
-0.9753364986217156
-0.2200080471443487
0.9756590910372825
0.21857746209470813
-0.9759795858210009
-0.21714640711185285
0.9762979822839164
0.2157148852720558
0.9766142797412909
0.21428289965259315
-0.9769284775131952
-0.21285045333307054
0.9772405749242121
0.21141754939275184
-0.9775505713031497
-0.20998419091277343
0.9778584659836241
0.20855038097302578
-0.9781642583036729
-0.20711612265837168
-0.9784679476059474
-0.20568141905197063
0.9787695332373383
0.20424627323660333
-0.9790690145495418
-0.20281068830000681
0.9793663908987756
0.20137466732819226
-0.9796616616455073
-0.19993821340677112
0.9799548261550076
0.1985013296262948
-0.9802458837970736
-0.1970640190755665
0.980534833945761
0.1956262848438606
0.9808216759799282
0.19418813002180732
-0.9811064092828753
-0.19274955770361796
0.981389033242523
0.19131057098038687
-0.9816695472510649
0.18987117294588324
-0.9819479507054939
-0.18843136669565372
0.982224243007338
-0.18699115532478344
0.9824984235624074
0.18555054192922807
-0.9827704917813096
0.18410952960714802
-0.9830404470791914
-0.18266812145622105
0.983308288875491
0.18122632057497548
-0.9835740165944424
-0.17978413006412552
0.983837629664659
0.1783415530238816
-0.9840991275197075
-0.17689859255573237
0.9843585095969702
0.17545525176154306
-0.9846157753388687
-0.17401153374533956
0.9848709241926078
-0.172567441610616
0.9851239556092302
0.1711229784616703
-0.9853748690448088
0.16967814740494208
-0.9856236639601982
-0.16823295154631807
0.9858703398201114
-0.16678739399246884
0.9861148960942837
0.16534147785218767
-0.9863573322570797
-0.1638952062336938
0.9865976477873425
0.16244858224641903
-0.9868358421680308
-0.16100160900010396
0.9870719148873328
0.15955428960658638
-0.9873058654377708
0.15810662717710205
-0.9875376933159977
-0.15665862482362386
0.9877673980238817
0.15521028566020276
-0.9879949790675638
-0.1537616128002667
0.988220435957612
0.15231260935796065
-0.9884437682093727
-0.15086327844948846
0.98866497534269
0.14941362319041002
-0.9888840568820441
-0.14796364669788156
0.9891010123562815
0.14651335208750113
-0.989315841299024
-0.1450627424795987
0.989528543248463
0.14361182099248307
-0.9897391177471648
-0.1421605907437829
0.9899475643424684
-0.14070905485584118
0.9901538825862847
0.13925721644895786
-0.9903580720349088
0.13780507864273187
-0.9905601322494051
-0.13635264456145874
0.9907600627953516
-0.1348999173273693
0.9909578632429656
0.13344690006287363
-0.991153533166861
-0.13199359589145537
0.9913470721464157
0.13054000793991982
-0.9915384797655872
0.1290861393316257
-0.9917277556127373
-0.12763199319188667
0.9919148992809893
0.12617757264931964
-0.9920999103680482
-0.12472288082907224
0.9922827884760321
-0.12326792085867913
0.9924635332118174
0.12181269586715428
-0.9926421441867542
-0.1203572089827277
0.9928186210170551
0.11890146333464367
-0.9929929633230267
0.11744546205225126
-0.9931651707298962
-0.1159892082668038
0.9933352428676355
0.11453270510874286
-0.9935031793703312
-0.11307595570904588
0.9936689798769807
-0.11161896320057509
0.9938326440313225
0.11016173071536006
-0.9939941714812301
-0.10870426138594604
0.9941535618794782
0.10724655834674351
-0.9943108148834822
0.10578862473130946
-0.9944659301551515
-0.10433046367460082
0.994618907360898
-0.10287207831025445
0.994769746171828
0.10141347177510311
-0.9949184462638287
0.09995464720464593
-0.9950650073169688
-0.0984956077348506
0.9952094290161956
-0.09703635650350433
0.9953517110511848
0.09557689664749215
-0.9954918531158137
0.09411723130414738
-0.9956298549088282
-0.09265736361260327
0.9957657161336988
-0.09119729671106999
0.9958994364981169
0.08973703373863873
-0.9960310157146332
-0.08827657783436921
0.9961604535004385
0.08681593213909483
-0.9962877495772836
0.08535509979269824
-0.9964129036712901
-0.08389408393546315
0.9965359155135384
0.08243288770942714
-0.9966567848395926
-0.08097151425565634
0.9967755113894017
0.07950996671559761
-0.9968920949078571
-0.07804824823243202
0.9970065351443065
0.07658636194834832
-0.9971188318526364
-0.07512431100680274
0.997228984791449
0.07366209854933818
-0.9973369937239192
-0.07219972772192601
0.9974428584178643
0.07073720166815745
-0.9975465786456134
-0.06927452353059628
0.9976481541842047
-0.0678116964562158
0.9977475848152854
0.06634872358958802
-0.9978448703250211
-0.06488560807423674
0.9979400105042829
0.06342235305807635
-0.9980330051485513
0.06195896168659872
-0.9981238540578334
-0.060495437105134796
0.9982125570368366
0.059031782459755565
-0.9982991138948528
-0.057568000899535426
0.9983835244458135
-0.056104095569736175
0.9984657885081867
0.05464006961724726
-0.9985459059051343
-0.053175926191941975
0.9986238764644305
0.05171166843985963
-0.9986997000183933
-0.050247299508647286
0.9987733764040289
0.04878282254891615
-0.9988449054629579
0.04731824070742221
-0.998914287041351
-0.045853557133417745
0.9989815209900627
0.04438877497546532
-0.9990466071645226
-0.04292389738370228
0.9991095454248766
0.04145892750710835
-0.9991703356357111
-0.03999386849486152
0.9992289776663512
0.03852872349769456
-0.9992854713907894
-0.03706349566516201
0.9993398166874775
-0.035598188146996376
0.999392013439595
0.03413280409446487
-0.9994420615349836
0.032667346657635904
-0.9994899608659631
-0.031201818987190093
0.9995357113295694
-0.02973622423350452
0.999579312827469
0.0282705655484641
-0.999620765265931
-0.026804846082727617
0.9996600685557707
0.025339068987084434
-0.9996972226125382
-0.023873237413811622
0.9997322273563621
0.022407354513939597
-0.9997650827119304
-0.02094142343860906
0.9997957886086479
0.019475447340428227
-0.9998243449805044
-0.01800942937073819
0.9998507517660618
0.01654337268187938
-0.9998750089085808
-0.015077280424002039
0.9998971163559013
0.01361115575142507
-0.9999170740604986
0.01214500181580897
-0.9999348819794521
-0.01067882176751295
0.9999505400744821
0.009212618761044795
-0.999964048311928
-0.007746395948233383
0.9999754066627391
-0.0062801564795859285
0.9999846151024999
0.0048139035097380664
-0.9999916736114146
-0.0033476401906260647
0.9999965821743032
0.0018813696737536773
-0.9999993407806149
0.0004150951110948669
-0.9999999494244188
0.0010511803426392176
0.9999984081044058
-0.002517453536828234
-0.9999947168238903
0.003983721319492451
0.9999888755908085
-0.005449980535935311
-0.9999808844177158
0.0069162280355713705
0.9999707433217981
-0.008382460666476119
-0.9999584523248563
0.009848675274028633
0.9999440114533105
0.011314868707739331
0.9999274207382172
-0.01278103781579991
-0.9999086802152417
0.014247179443726124
0.9998877899246754
-0.01571329044118521
-0.9998647499114242
-0.017179367655636706
-0.9998395602250376
0.018645407935522152
0.9998122209196745
0.02011140812799849
0.9997827320540775
-0.021577365081672874
-0.9997510936916915
0.02304327564524536
0.9997173059005307
-0.024509136666151853
-0.9996813687531939
-0.02597494499329868
-0.9996432823269994
0.027440697475705395
0.9996030467038228
0.028906390961147863
0.9995606619701444
-0.030372022298892562
-0.9995161282170735
-0.03183758833788499
-0.9994694455404262
0.033303085927665524
0.9994206140405127
-0.034768511916558206
-0.9993696338223008
0.03623386315440454
0.9993165049954762
-0.03769913649120665
-0.9992612276742
0.039164328775770856
0.9992038019772964
-0.040629436858441045
-0.9991442280283185
0.042094457589742035
0.9990825059552763
-0.043559387819023396
-0.9990186358908881
0.04502422439719234
0.9989526179724516
-0.046488964174903086
-0.9988844523419438
0.04795360400347217
0.9988141391458981
0.049418140733068314
0.9987416785354627
-0.05088257121499048
-0.9986670706664702
-0.05234689230258256
-0.9985903156993026
0.05381110084533629
0.9985114137989555
0.05527519369571038
0.9984303651351142
-0.05673916770777419
-0.9983471698820062
-0.05820301973176619
-0.9982618282184983
0.0596667466209115
-0.9981743403280445
0.061130345229158035
0.998084706398795
-0.06259381241027531
0.9979929266234325
-0.06405714501559237
-0.997899001199251
0.06552033990081235
0.9978029303282449
-0.06698339392057265
-0.9977047142169342
0.06844630392709122
-0.9976043530764486
0.06990906677697928
0.9975018471226234
-0.0713716793258029
-0.9973971965758116
0.0728341384267299
0.9972904016610082
-0.07429644093734036
-0.9971814626077844
0.07575858371328303
0.9970703796504228
-0.07722056361145711
0.9969571530277141
-0.07868237748775173
-0.9968417829830557
0.0801440221997732
0.9967242697645602
-0.08160549460549135
-0.9966046136248415
0.08306679156188675
-0.996482814821118
0.0845279099276769
0.996358873615328
-0.08598884656196314
0.996232790273943
-0.08744959832287819
-0.9961045650679591
0.08891016207031158
0.9959741982730131
-0.09037053466410395
-0.9958416901695923
0.09183071296495973
-0.9957070410424219
0.09329069383264255
0.9955702511809478
-0.09475047412869908
0.9954313208794764
-0.09621005071510699
-0.9952902504365325
0.09766942045292394
-0.9951470401553657
0.09912858020501035
0.9950016903440961
-0.10058752683467781
0.9948542013150422
-0.10204625720433876
-0.9947045733852513
0.10350476817822803
-0.9945528068766512
0.10496305662059965
0.9943989021153479
-0.10642111939663824
0.9942428594322781
-0.10787895337065705
-0.9940846791628782
0.10933655540881783
0.9939243616473286
-0.11079392237778073
-0.9937619072302573
0.1122510511433554
0.9935973162608838
-0.11370793857321956
-0.9934305890931752
0.11516458153556952
0.993261726085538
-0.11662097689777194
-0.9930907276009682
0.11807712152862956
-0.9929175940072125
0.11953301229838717
0.9927423256764492
-0.1209886460773833
-0.9925649229854987
0.12244401973380073
0.9923853863157147
-0.12389913014044429
-0.9922037160532057
0.12535397416933003
0.9920199125885009
-0.1268085486903399
0.9918339763167131
-0.12826285057799586
-0.9916459076377139
0.12971687670605195
-0.9914557069557869
0.13117062394614987
0.9912633746797967
-0.13262408917458918
0.9910689112233702
-0.13407726926602118
-0.9908723170045372
0.13553016109661162
-0.9906735924459683
0.13698276154179434
0.9904727379748517
-0.13843506747898138
0.9902697540231415
-0.13988707578621765
-0.9900646410271843
0.14133878334083705
0.9898573994279007
-0.14279018702217103
-0.9896480296709814
0.1442412837102041
-0.9894365322064999
0.14569207028423056
0.9892229074891014
-0.14714254362556178
-0.9890071559782039
0.14859270061573235
0.9887892781375994
-0.15004253813740667
-0.9885692744357861
0.1514920530725871
0.9883471453454891
-0.15294124230531847
0.988122891344691
-0.15439010272034556
-0.9878965129152539
0.155838631201772
-0.98766801054381
0.15728682463576324
0.9874373847219865
-0.1587346799092046
0.9872046359453364
-0.16018219390836141
-0.986969764714186
0.16162936352157992
-0.9867327715338652
0.1630761856374976
0.9864936569136088
-0.1645226571459477
0.9862524213675778
-0.1659687749361714
-0.9860090654143441
0.16741453589951633
-0.9857635895772652
0.16885993692809675
0.98551599438403
-0.1703049749134561
0.9852662803668816
-0.1717496467492631
-0.985014448062851
0.17319394932997334
-0.9847604980132915
0.17463787954949248
0.9845044307641065
-0.17608143430387066
-0.9842462468659906
0.1775246104890697
0.9839859468739506
-0.17896740500410283
-0.983723531347622
0.1804098147447764
0.9834590008511065
-0.18185183661040938
-0.9831923559532991
0.1832934675024953
0.9829235972273951
-0.18473470431889719
0.9826527252511317
-0.1861755439627961
-0.9823797406070417
0.18761598333688512
0.9821046438819488
-0.18905601934203808
-0.9818274356672146
0.1904956488840163
0.9815481165589989
-0.19193486886811414
-0.9812666871577418
0.19337367619782897
0.9809831480685065
-0.19481206778156218
-0.9806974999008029
0.19625004052637754
-0.9804097432689414
0.19768759134113123
0.9801198787915002
-0.1991247171342492
-0.9798279070915864
0.20056141481640877
0.9795338287971098
-0.2019976812992071
0.9792376445402381
-0.20343351349383218
-0.9789393549576637
0.2048689083137421
-0.9786389606908835
0.20630386267333478
0.9783364623856422
-0.20773837348662
-0.9780318606923951
0.20917243766989638
0.9777251562656448
-0.21060605213997766
-0.9774163497652697
0.21203921381508886
0.9771054418550995
-0.2134719196130951
-0.9767924332031875
0.21490416645417518
0.9764773244830734
-0.216335951259494
0.9761601163718407
-0.21776727094987786
-0.9758408095513741
0.21919812244848508
-0.9755194047086677
0.22062850267948014
0.9751959025343336
-0.22205840856670994
-0.9748703037239893
0.22348783703637207
0.9745426089775585
-0.22491678501524687
-0.9742128189997763
0.2263452494315907
0.9738809344995779
-0.2277732272133706
-0.9735469561903991
0.22920071529092886
0.9732108847904886
-0.23062771059566015
-0.9728727210222842
0.2320542100586909
0.9725324656127201
-0.2334802106135414
0.9721901192935443
-0.23490570919480386
-0.9718456828006837
0.2363307027368236
0.9714991568746644
-0.2377551881763581
-0.9711505422603961
0.23917916245037346
-0.9707998397076041
0.24060262249914244
0.9704470499701783
-0.24202556526006969
-0.9700921738064934
0.2434479876743216
0.9697352119797407
-0.24486988668550544
-0.9693761652572654
0.24629125923438444
0.9690150344108927
-0.24771210226550047
0.9686518202172648
-0.24913241272585437
-0.9682865234571676
0.250552187559187
-0.9679191449159759
0.2519714237147954
0.9675496853834253
-0.2533901181409327
-0.9671781456540698
0.25480826778789684
0.966804526526592
-0.25622586960583743
0.9664288288041428
-0.2576429205474018
-0.9660510532946918
0.2590594175664206
0.9656712008103264
-0.26047535761659785
-0.9652892721675971
0.2618907376541528
0.9649052681878736
-0.26330555463650823
-0.9645191896966323
0.26471980552098107
-0.9641310375240489
0.2661334872674218
0.9637408125041531
-0.26754659683646564
-0.9633485154765188
0.26895913119041603
0.9629541472844516
-0.2703710872914989
0.9625577087753376
-0.2717824621044977
-0.9621592008021195
0.27319325259544497
0.9617586242214539
-0.27460345573031697
-0.9613559798940674
0.27601306847766544
-0.9609512686862541
0.27742208780731076
0.9605444914680059
-0.27883051068903825
-0.9601356491133726
0.2802383340952265
0.9597247425021113
-0.28164555499910604
0.9593117725171485
-0.2830521703756389
-0.958896740046482
0.28445817719978017
-0.9584796459822867
0.28586357244910227
0.9580604912215589
-0.2872683531024917
-0.957639276665337
0.2886725161388494
0.9572160032190854
-0.29007605853971125
-0.9567906717930894
0.29147897728794675
0.9563632833016652
-0.292881269366461
-0.9559338386635492
0.2942829317608117
0.9555023388022983
-0.295683961457041
0.9550687846454886
-0.29708435544472306
-0.9546331771252461
0.2984841107108893
-0.954195517177975
0.29988322424655156
0.9537558057448999
-0.3012816930454012
-0.9533140437712493
0.3026795140986119
0.9528702322066573
-0.3040766844013532
-0.9524243720055783
0.30547320095149205
0.951976464126458
0.3068690607444024
0.9515265095321426
-0.3082642607794698
-0.9510745091902971
0.30965879805792995
0.950620464072567
-0.3110526695820096
-0.9501643751551326
-0.3124458723527741
-0.9497062434184265
0.31383840337661667
0.9492460698476993
-0.3152302596596453
-0.948783855432166
0.3166214382085558
0.9483196011654267
-0.31801193603279626
-0.947853308045899
0.31940175014327743
0.9473849770759528
0.3207908775510871
0.9469146092623367
-0.32217931527008253
-0.9464422056166161
0.32356706031517274
0.9459677671542963
-0.324954109703186
-0.945491294895551
0.32634046045115583
0.9450127898641852
-0.3277261095789084
-0.9445322530897088
-0.3291110541077775
-0.9440496856051123
0.33049529105932335
0.9435650884472976
-0.33187881745791603
-0.9430784626588818
0.33326163032945244
0.9425898092857928
0.3346437267005056
0.9420991293786178
-0.3360251035983332
-0.9416064239923009
-0.33740575805516726
-0.9411116941861407
0.3387856871026491
0.9406149410237886
0.3401648877722692
0.940116165572936
-0.34154335709965206
-0.9396153689065508
0.3429210921219927
0.9391125521010191
-0.34429808987464733
-0.9386077162373788
0.3456743473996837
0.9381008624010089
-0.3470498617381963
-0.9375919916816268
0.34842462993117257
0.9370811051729685
-0.3497986490237639
-0.9365682039740557
0.35117191606187875
0.9360532891872909
-0.35254442809304265
-0.9355363619200439
-0.35391618216640414
-0.9350174232827255
0.3552871753327415
0.9344964743919991
0.3566574046453186
0.9339735163675646
-0.3580268671564919
-0.9334485503334369
0.35939555992281663
0.932921577418925
-0.3607634800016527
-0.9323925987570056
0.3621306244520213
0.9318616154839774
-0.36349699033461125
-0.9313286287424215
0.36486257471263184
0.9307936396779115
-0.36622737464843197
-0.9302566494406544
0.3675913872085882
0.9297176591848252
-0.36895460946052283
-0.9291766700702382
0.3703170384733571
0.9286336832589955
-0.3716786713179179
-0.9280886999184956
0.3730395050667436
0.9275417212211091
-0.37439953679493415
-0.926992748342483
-0.37575876357678323
-0.9264417824628893
0.3771171824908461
0.9258888247668846
-0.3784747906165711
-0.925333876443308
0.37983158503514974
0.9247769386852785
-0.38118756282952293
-0.9242180126898448
0.3825427210843874
0.923657099659371
0.38389705688704157
0.9230942007994539
-0.3852505673240322
-0.9225293173203057
-0.3866032494853622
-0.9219624504364055
0.38795510046533005
0.9213936013664965
0.3893061173549886
0.9208227713332292
-0.390656297250539
-0.9202499615645756
-0.39200563724998
-0.9196751732917027
0.39335413445060524
0.9190984077503844
-0.39470178595319605
-0.918519666180646
0.39604858886202204
0.9179389498267607
0.397394540281504
0.9173562599372481
-0.3987396373162253
-0.9167715977645069
0.40008387707511084
0.916184964566265
-0.40142725666892665
-0.9155963616034006
-0.40276977320695617
-0.915005790141389
0.40411142380533616
0.9144132514499373
0.4054522055795647
0.9138187468029825
-0.40679211564534595
-0.913222277478688
0.4081311511227536
0.9126238447590695
-0.40946930913290963
-0.9120234499314784
-0.41080658679882265
-0.9114210942867453
0.4121429812453939
0.9108167791187906
-0.4134784895994235
-0.9102105057279927
0.41481310899044427
0.9096022754174432
0.4161468365474169
0.9089920894944364
-0.4174796694037035
-0.9083799492716069
0.41881160469376144
0.9077658560650378
-0.4201426395539779
-0.9071498111942455
-0.42147277112267595
-0.9065318159837006
0.4228019965401207
0.9059118717628372
-0.4241303129493491
-0.9052899798641302
0.42545771749288097
0.9046661416242372
0.4267842073176686
0.9040403583855506
-0.4281097795718067
-0.9034126314923193
0.42943443140536275
0.9027829622941296
-0.43075815997038314
-0.9021513521455288
-0.4320809624217194
-0.901517802404066
0.433402835913753
0.9008823144318503
0.4347237776053243
0.9002448895951578
-0.436043784655638
-0.899605529264429
-0.43736285422918186
-0.8989642348142656
0.4386809834875485
0.8983210076230278
-0.4399981695976261
-0.8976758490744289
0.44131440972832814
0.8970287605551381
0.44262970104815286
0.8963797434563725
-0.4439440407292733
-0.8957287991734952
0.44525742594835127
0.8950759291060132
-0.4465698538792112
-0.8944211346575734
0.44788132170099526
0.8937644172355524
-0.449191826594095
-0.8931057782526836
-0.4505013657417841
-0.8924452191246103
0.45180993632616473
0.8917827412715108
0.45311753553629325
0.8911183461176887
-0.45442416056087676
-0.8904520350915694
-0.4557298085890976
-0.8897838096252827
0.45703447681467047
0.889113671156318
-0.458338162433414
-0.8884416211250352
0.4596408626400262
0.8877676609763174
0.4609425746361735
0.8870917921591548
-0.4622432956224139
-0.8864140161266407
0.46354302280305
0.8857343343359694
-0.4648417533821028
-0.8850527482480087
-0.46613948456815507
-0.8843692593289898
0.46743621357113146
0.8836838690483926
0.46873193760311144
0.8829965788785044
-0.47002665387833503
-0.8823073902982513
-0.47132035961401114
-0.8816163047889384
0.4726130520271142
0.8809233238359441
-0.4739047283392049
-0.880228448930012
0.47519538577322573
0.8795316815651016
0.47648502155430983
0.8788330232383734
-0.47777363290978675
-0.8781324754519141
0.4790612170691886
0.877430039712745
-0.48034777126505357
-0.8767257175306439
0.48163329272974054
0.8760195104194392
-0.482917778700223
-0.8753114198987668
0.48420122641490254
0.8746014474896798
-0.48548363311441284
-0.8738895947185898
0.4867649960416257
0.8731758631168377
-0.48804531244165716
-0.8724602542184796
-0.48932457956266623
-0.871742769562049
0.4906027946526878
0.8710234106901119
0.4918799549636075
0.870302179149264
-0.49315605775195226
-0.869579076490127
-0.4944311002717716
-0.8688541042668954
0.495705079782562
0.8681272640391325
-0.49697799354610256
-0.8673985573690697
0.4982498388240956
0.8666679858233999
-0.4995206128821217
-0.8659355509728256
0.5007903129896387
0.8652012543920552
0.5020589364168355
0.8644650976598001
-0.5033264804346435
-0.8637270823583122
-0.5045929423186759
-0.8629872100752134
0.5058583193468702
0.8622454824007451
0.5071226087963576
0.8615019009295951
-0.508385807951315
-0.8607564672604369
0.5096479140959079
0.8600091829959258
-0.5109089245150878
-0.8592600497422307
0.5121688364985111
0.8585090691108906
-0.5134276473374123
-0.8577562427160227
0.5146853543253936
0.8570015721761765
-0.5159419547584304
-0.8562450591138663
-0.5171974459348772
-0.855486705155568
0.5184518251562507
0.8547265119317153
0.5197050897241248
0.853964481076223
-0.5209572369448043
-0.8532006142283753
-0.522208264126218
-0.8524349130304616
0.5234581685787025
0.8516673791272855
0.5247069476150082
0.8508980141704436
-0.5259545985503054
-0.8501268198135674
0.5272011187029623
0.8493537977146969
-0.5284465053914592
-0.8485789495353204
-0.5296907559390333
-0.8478022769427774
0.5309338676705906
-0.8470237816054422
0.5321758379134859
0.8462434651970483
-0.5334166639975279
0.8454613293962159
-0.5346563432557538
-0.8446773758840252
0.5358948730213602
-0.8438916063454603
0.537132250632322
0.843104022471361
-0.538368473428322
-0.8423146259535402
0.5396035387515257
0.8415234184896603
-0.5408374439465873
0.8407304017802959
-0.5420701863606551
-0.8399355775313885
0.5433017633441408
0.83913894745129
-0.5445321722476708
-0.8383405132527264
0.5457614104266745
-0.8375402766523025
0.546989475238334
0.8367382393704978
-0.5482163640423543
-0.8359344031311648
0.5494420742009689
0.8351287696635195
-0.5506666030797043
-0.8343213406991464
0.5518899480443483
0.8335121179739892
-0.5531121064647558
0.8327011032278471
-0.5543330757148465
-0.8318882982043728
0.5555528531695779
-0.8310737046510677
0.5567714362049598
0.8302573243187715
-0.5579888222018393
0.8294391589636856
-0.5592050085436344
-0.8286192103443297
0.5604199926133265
0.8277974802235641
-0.5616337718010057
-0.8269739703680787
0.5628463434970882
-0.8261486825483901
0.5640577050930843
0.8253216185388375
-0.5652678539853627
0.8244927801170636
-0.5664767875721473
-0.8236621690660696
0.567684503254274
0.8228297871711258
-0.5688909984351981
-0.821995636221823
0.5700962705209981
-0.8211597180115559
0.5713003169211293
0.8203220343375184
-0.5725031350454415
0.8194825870001788
-0.5737047223086663
-0.8186413778053603
0.5749050761274347
0.8177984085611119
-0.576104193921029
-0.8169536810803115
0.5773020731113893
-0.8161071971775196
0.5784987111231186
0.8152589586742192
-0.5796941053842294
-0.814408967393568
0.5808882533231842
0.813557225162488
-0.5820811523733499
0.8127037338137805
-0.5832727999700366
-0.8118484951808348
0.5844631935512448
0.8109915111023798
-0.5856523305576714
-0.8101327834219634
0.5868402084334511
0.8092723139852881
-0.5880268246232158
-0.8084101046423323
0.5892121765765205
0.8075461572468149
-0.5903962617449015
-0.8066804736561916
0.5915790775826181
0.8058130557316509
-0.5927606215466592
-0.8049439053375704
0.5939408910967477
-0.8040730243436703
0.5951198836960778
0.8032004146217748
-0.5962975968083951
-0.8023260780479634
0.5974740279023908
0.801450016502028
-0.5986491744487803
0.8005722318674694
-0.5998230339210409
-0.7996927260314929
0.6009956037954173
-0.7988115008844572
0.6021668815509263
0.7979285583220578
-0.6033368646700885
0.7970439002420432
-0.6045055506353064
-0.7961575285463965
0.6056729369361233
0.7952694451407847
-0.6068390210626983
-0.7943796519345553
0.608003800506546
0.7934881508401778
-0.6091672727641563
-0.7925949437754536
0.6103294353348263
0.7917000326601931
-0.6114902857177871
-0.7908034194184229
0.6126498214194136
-0.7899051059778291
0.6138080399460253
0.7890050942697534
-0.6149649388082113
-0.7881033862291883
0.6161205155172459
0.7871999837942127
-0.6172747675893986
-0.7862948889082301
0.6184276925430691
0.7853881035166018
-0.6195792878995104
-0.7844796295688838
0.620729551182834
0.7835694690182624
-0.6218784799207278
-0.7826576238215498
0.6230260716416107
0.7817440959386132
-0.6241723238789153
0.7808288873346377
-0.6253172341682406
-0.779911999976723
0.6264608000480707
0.7789934358367139
-0.6276030190597803
-0.7780731968877793
0.6287438887476396
-0.7771512851101107
0.6298834066595265
0.7762277024852148
-0.6310215703441048
0.7753024509981864
-0.632158377355071
-0.7743755326400064
0.633293825248331
0.7734469494017923
-0.6344279115827127
-0.7725167032799615
0.6355606339199715
0.7715847962756637
-0.6366919898247952
-0.7706512303918888
0.6378219768655099
0.7697160076357698
-0.6389505926112824
-0.7687791300180018
0.640077834636331
-0.767840599552838
0.6412037005171258
0.7669004182580851
-0.642328187833096
0.765958588154514
-0.6434512941666343
-0.765015111268194
0.6445730171037979
0.7640699896269827
-0.6456933542315315
-0.7631232252628575
0.6468123031418469
-0.7621748202113277
0.6479298614283515
0.7612247765114297
-0.6490460266904137
-0.7602730962057236
0.6501607965262399
0.7593197813396955
-0.6512741685398082
-0.7583648339641208
0.6523861403380982
0.7574082561315111
-0.653496709529031
-0.7564500498984742
0.6546058737249257
0.7554902173251189
-0.6557136305431819
0.7545287604750506
-0.6568199776000997
-0.7535656814147691
0.6579249125177604
-0.7526009822160542
0.6590284329205939
0.7516346649523776
-0.6601305364360709
0.7506667317012866
-0.6612312206947089
-0.7496971845438027
0.6623304833300762
0.7487260255644175
-0.6634283219794784
-0.7477532568510874
0.6645247342812403
-0.7467788804946255
0.665619717878796
0.7458028985911143
-0.6667132704179705
0.744825313238276
-0.6678053895476653
-0.7438461265378838
0.6688960729198636
0.7428653405951539
-0.6699853181896356
-0.7418829575187403
0.6710731230158175
-0.7408989794207317
0.6721594850583186
0.7399134084160333
-0.673244401982175
-0.73892624662481
0.6743278714548543
0.737937496169427
-0.6754098911469365
-0.7369471591738208
0.676490458732118
0.7359552377690215
-0.6775695718878866
0.7349617340870105
-0.6786472282928491
-0.7339666502631672
0.6797234256307528
-0.7329699884381204
0.6807981615878126
0.7319717507546601
-0.6818714338533847
-0.7309719393577228
0.6829432401199725
0.729970556396864
-0.6840135780832313
0.7289676040262633
-0.6850824454426353
-0.7279630844016114
0.6861498398988327
0.7269569996825893
-0.687215759157627
-0.7259493520322429
0.6882802009273306
-0.7249401436169782
0.6893431629194317
0.7239293766059295
-0.6904046428486006
0.7229170531734632
-0.6914646384333507
-0.7219031754954118
0.6925231473934149
-0.7208877457515758
0.6935801674536949
0.7198707661250925
-0.6946356963409814
0.7188522388024312
-0.6956897317878884
-0.7178321659733891
0.6967422715263147
0.7168105498304518
-0.6977933132939923
-0.7157873925713245
0.6988428548318696
0.7147626963951251
-0.6998908938821683
-0.7137364635049136
0.7009374281916451
-0.7127086961070535
0.7019824555122348
0.7116793964112077
-0.7030259735952206
-0.7106485666303335
0.7040679801977247
0.7096162089800369
-0.7051084730794707
-0.7085823256811301
0.7061474500034363
0.7075469189557853
-0.7071849087358586
0.7065099910300895
-0.7082208470462389
-0.7054715441334002
0.7092552627079882
-0.7044315804983409
0.7102881534958669
0.7033901023601494
-0.7113195171898392
0.7023471119592583
-0.7123493515725104
-0.7013026115374135
0.7133776544297739
0.7002566033409026
-0.7144044235508152
-0.6992090896166577
0.7154296567281181
0.6981600726187435
-0.7164533517581025
-0.6971095546018592
0.7174755064385914
0.6960575378239277
-0.7184961185726242
-0.6950040245480521
0.7195151859659219
0.6939490170392509
-0.7205327064275262
-0.6928925175637877
0.7215486777698049
0.6918345283950625
-0.722563097809085
-0.6907750518070592
0.7235759643631415
0.6897140900776142
-0.7245872752549777
-0.6886516454870976
-0.7255970283103115
-0.687587720321705
0.7266052213582104
0.6865223168668592
-0.7276118522310955
-0.685455437413136
0.728616918764747
0.6843870842556116
0.7296204187989299
0.6833172596905451
-0.7306223501749105
-0.682245966018021
-0.7316227107391954
-0.681173205541282
0.7326214983410455
0.6800989805667245
-0.7336187108331034
-0.6790232934038931
0.7346143460713983
0.6779461463648082
-0.7356084019153504
-0.6768675417666331
0.7366008762283905
0.6757874819276612
0.7375917668755035
0.6747059691699823
-0.7385810717263132
-0.6736230058188095
-0.7395687886556892
-0.6725385942024752
0.7405549155382364
0.6714527366517512
-0.7415394502544307
-0.6703654355025391
0.7425223906881672
0.6692766930918241
0.7435037347249399
0.6681865117603631
-0.7444834802548977
-0.6670948938520066
0.7454616251728383
0.6660018417136938
-0.7464381673757826
-0.6649073576954473
0.7474131047629885
0.663811444149688
-0.7483864352389821
-0.6627141034339501
0.7493581567117402
0.6616153379067973
-0.7503282670902899
-0.6605151499305356
-0.7512967642907358
-0.6594135418705297
0.7522636462308405
0.6583105160951971
0.7532289108306437
0.6572060749753179
-0.7541925560154612
-0.6561002208867709
0.7551545797134908
0.6549929562064177
-0.7561149798564161
-0.6538842833155257
0.7570737543794116
0.6527742045956372
-0.7580309012211466
-0.6516627224354457
-0.758986418324382
-0.6505498392239096
0.7599403036336053
0.6494355573529962
-0.7608925550985907
-0.6483198792197536
0.7618431706720317
0.6472028072228522
-0.7627921483101392
-0.6460843437618764
0.7637394859726456
0.6449644912435623
-0.7646851816228091
-0.643843252074859
0.7656292332280031
0.6427206286663905
0.7665716387573797
0.6415966234310588
-0.7675123961853869
-0.6404712387875277
-0.7684515034894304
-0.6393444771532404
0.7693889586504632
0.6382163409506914
0.7703247596529905
0.6370868326067324
-0.771258904485653
-0.6359559545490661
-0.7721913911389141
-0.6348237092083369
0.773122217608541
0.6336900990209396
-0.7740513818927146
-0.6325551264219871
0.7749788819954926
0.6314187938523321
-0.7759047159210559
-0.6302811037543427
0.7768288816794707
0.6291420585754228
-0.7777513772843856
-0.6280016607637733
0.778672200751324
0.6268599127712082
0.7795913501005518
0.6257168170524448
-0.7805088233576397
-0.6245723760650973
0.7814246185483448
0.6234265922689616
-0.7823387337043097
-0.6222794681288529
0.7832511668602201
0.6211310061103364
-0.7841619160549419
-0.6199812086825641
-0.7850709793287041
-0.618830078317559
0.7859783547287463
0.6176776174902097
-0.7868840403042414
-0.6165238286782655
0.7877880341068744
0.6153687143616139
0.7886903341936534
0.6142122770251418
-0.7895909386252241
-0.6130545191544319
-0.7904898454636449
-0.6118954432386217
0.791387052777973
0.6107350517696826
0.7922825586386869
0.6095733472424145
-0.7931763611210352
-0.6084103321544402
-0.7940684583022659
-0.6072460090054774
0.7949588482649572
0.6060803803002236
0.795847529094803
0.6049134485447406
-0.7967344988811713
-0.6037452162457171
0.7976197557171093
0.6025756859169829
-0.798503297699894
-0.6014048600722619
-0.7993851229288461
-0.6002327412280599
0.8002652295086218
0.5990593319058444
-0.8011436155470235
-0.5978846346284054
0.8020202791555531
0.5967086519198423
-0.8028952184494152
-0.5955313863084732
0.8037684315475222
0.5943528403268372
0.8046399165730372
0.5931730165080357
-0.805509671651218
-0.5919919173879145
0.8063776949126634
0.5908095455079929
-0.8072439844911548
-0.5896259034081289
0.8081085385242008
0.588440993633108
-0.8089713551530415
-0.5872548187319133
-0.8098324325231858
-0.5860673812540437
0.8106917687822802
0.5848786837524466
-0.8115493620833174
-0.5836887287827789
0.8124052105819725
0.582497518903401
-0.8132593124397929
-0.5813050566753709
0.8141116658188996
0.5801113446616988
-0.8149622688872938
-0.5789163854303031
0.8158111198167356
0.5777201815495633
0.8166582167811731
0.5765227355912742
-0.8175035579593817
-0.5753240501299017
0.8183471415354797
0.5741241277425763
-0.8191889656942214
-0.5729229710090877
0.820029028626239
0.5717205825111334
-0.8208673285254278
-0.570516964835297
-0.8217038635899911
-0.5693121205685675
0.8225386320198542
0.5681060523013168
-0.8233716320218497
-0.566898762626548
0.8242028618050545
0.5656902541398904
-0.8250323195813235
-0.564480529438843
0.8258600035678684
0.5632695911257708
-0.8266859119857102
-0.5620574418033977
0.8275100430576403
0.5608440840778008
0.8283323950133421
0.5596295205576557
-0.8291529660842767
-0.55841375385423
0.8299717545067532
0.5571967865813783
-0.8307887585193903
-0.5559786213547803
0.8316039763661671
0.5547592607949584
-0.832417406294395
-0.5535387075234963
0.8332290465552288
0.552316964162267
-0.834038895403671
-0.5510940333402471
-0.8348469510990769
-0.5498699176859361
0.8356532119031532
0.5486446198311387
0.8364576760829701
0.5474181424094399
-0.8372603419089585
-0.5461904880600051
0.838061207655416
0.5449616594199638
-0.83886027160051
-0.5437316591312509
0.839657532026282
0.5425004898398484
-0.8404529872191436
-0.5412681541919636
-0.8412466354679081
-0.5400346548363081
0.8420384750667542
0.5387999944271572
-0.8428285043132554
-0.5375641756166901
0.8436167215088775
0.5363272010626381
0.8444031249589816
0.5350890734236834
-0.845187712972829
-0.5338497953632917
-0.8459704838640685
-0.5326093695450987
0.8467514359488001
0.531367798635975
-0.847530567548008
-0.5301250853052534
0.848307876988036
0.5288812322247225
-0.8490833625962483
-0.5276362420678492
0.8498570227058617
0.5263901175128618
0.850628855654013
0.5251428612381112
-0.8513988597803318
-0.5238944759251535
0.8521670334293403
0.522644964257972
-0.852933374950446
-0.5213943289229718
0.8536978826960385
0.5201425726089736
-0.8544605550215058
-0.518889698006431
0.8552213902876042
0.5176357078105335
-0.855980386859036
-0.5163806047165377
0.856737543102575
0.5151243914228704
-0.8574928573917734
-0.5138670706303444
0.8582463281027292
0.5126086450421544
-0.8589979536145728
-0.5113491173630884
0.8597477323118045
0.5100884903026478
-0.860495662582427
-0.5088267665703544
0.8612417428184175
0.5075639488788689
-0.8619859714157301
-0.5063000399432036
-0.8627283467743002
-0.5050350424807173
0.8634688672985065
0.5037689592111086
0.8642075313953378
0.5025017928556249
-0.8649443374771528
-0.5012335461401999
-0.8656792839598452
-0.49996422179152034
0.8664123692633063
0.49869382253622474
0.8671435918114294
0.49742235110798877
-0.8678729500321123
-0.49614981023964244
-0.8686004423577117
-0.49487620266710264
0.8693260672232429
0.49360153112778876
-0.8700498230690906
-0.49232579836457163
0.8707717083392057
0.49104900711785765
0.8714917214815608
0.4897711601327
-0.872209860948154
-0.4884922601580088
0.8729261251954546
0.48721230994258063
-0.8736405126826321
0.4859313122374674
-0.8743530218742238
-0.48464926979915257
0.8750636512383607
-0.4833661853815965
0.8757723992472154
0.4820820617441792
-0.8764792643770052
-0.4807969016469229
0.8771842451079955
0.47951070785446953
-0.8778873399249387
0.47822348313129265
-0.8785885473153342
-0.47693523024487894
0.8792878657720481
-0.47564595196492565
0.8799852937915708
0.4743556510633345
-0.8806808298744573
0.47306433031340467
-0.8813744725253301
-0.4717719924930311
0.8820662202528824
0.47047864037989284
-0.8827560715703091
-0.46918427675465024
0.8834440249931728
-0.4678889044001384
0.8841300790436801
0.46659252610136126
-0.8848142322468363
-0.46529514464548527
0.8854964831308879
0.46399676282102814
-0.886176830229445
-0.4626973834210747
0.8868552720802061
0.4613970092384386
-0.8875318072232851
0.4600956430688776
-0.8882064342054165
-0.45879328771028194
0.8888791515757564
-0.4574899459626687
0.8895499578884021
0.45618562062817547
-0.8902188517003121
-0.45488031451024485
0.8908858315738057
0.45357403041685723
-0.8915508960749
0.4522667711556668
-0.8922140437737305
-0.45095853953723397
0.8928752732445535
0.44964933837420945
-0.8935345830661577
-0.4483391704813285
0.8941919718202331
0.44702803867459123
-0.894847438093827
-0.44571594577451035
0.8955009804777107
-0.44440289460122523
0.8961525975667914
0.4430888879785639
-0.8968022879601161
0.4417739287291471
-0.8974500502608738
-0.4404580196825359
0.8980958830767989
0.43914116366707184
-0.8987397850185729
-0.4378233635131303
0.8993817547022311
-0.43650462205638696
0.9000217907475621
0.4351849421296355
-0.900659891778511
-0.43386432657013824
0.901296056423184
0.4325427782188094
-0.9019302833142426
0.43122029991611127
-0.9025625710873353
-0.42989689450532464
0.90319291838346
0.42857256483172335
-0.903821323847393
-0.4272473137425684
0.9044477861280849
0.42592114408710186
-0.9050723038786646
-0.42459405871571715
0.9056948757564414
0.42326606048324633
-0.9063155004232926
-0.42193715224401473
0.9069341765441276
0.42060733685512725
-0.9075509027892007
-0.41927661717563885
0.9081656778325726
0.41794499606654895
-0.9087785003524993
-0.4166124763907949
0.9093893690314344
0.41527906101241846
-0.9099982825560323
-0.41394475279986886
0.9106052396175267
0.4126095546210338
-0.9112102389098542
-0.4112734693465412
0.9118132791334158
-0.40993649984892616
0.9124143589916932
0.4085986490026249
-0.9130134771916406
-0.4072599196831378
0.913610632445549
0.4059203147703454
-0.9142058234699246
-0.4045798371435198
0.9147990489840226
0.40323848968463955
-0.9153903077135354
0.4018962752775533
-0.915979598386909
-0.4005531968079736
0.9165669197375539
0.39920925716347067
-0.9171522705020214
-0.3978644592326319
0.9177356494221938
0.3965188059083926
-0.918317055243827
-0.39517230008302506
0.9188964867169198
0.3938249446514681
-0.9194739425957152
-0.3924767425104874
0.9200494216390606
-0.3911276965586689
0.9206229226089825
0.38977780969641274
-0.9211944442728323
-0.38842708482508886
0.9217639854018589
0.38707552485038266
-0.9223315447715695
0.3857231326781009
-0.922897121161732
-0.38436991121332054
0.9234607133563775
0.38301586336793636
-0.9240223201441508
-0.3816609920522632
0.9245819403169208
-0.38030530017838443
0.9251395726718735
0.37894879066351206
-0.9256952160101193
-0.3775914664215692
0.9262488691370451
0.3762333303715951
-0.9268005308623167
0.3748743854326902
-0.9273501999998812
-0.3735146345282228
0.927897875368309
-0.3721540805807657
0.9284435557894383
0.37079272651546086
-0.9289872400904162
-0.3694305752591703
0.929528927102341
0.36806762974047014
-0.9300686156606054
0.36670389288879796
-0.9306063046048983
-0.3653393676378305
0.9311419927795396
0.36397405692040224
-0.9316756790321543
-0.36260796367188197
0.9322073622156694
0.3612410908293209
-0.9327370411866571
-0.3598734413314462
0.9332647148073105
0.3585050181186552
-0.9337903819421668
-0.3571358241321587
0.9343140414613882
-0.35576586231737306
0.9348356922394488
0.3543951356188177
-0.9353553331541712
-0.35302364698350547
0.9358729630883497
0.3516513993600876
-0.93638858093006
-0.35027839569884694
0.9369021855697811
0.34890463895169177
-0.937413775903602
0.3475301320712968
-0.9379233508316218
-0.34615487801450734
0.9384309092582729
-0.3447788797372177
0.938936450092323
0.3434021401977745
-0.9394399722468774
-0.3420246623561181
0.9399414746396922
0.3406464491737761
-0.9404409561919332
-0.33926750361300173
0.9409384158300449
0.33788782864018874
-0.9414338524845067
-0.33650742722073346
0.941927265090148
0.3351263023224491
-0.9424186525861493
-0.3337444569147045
0.9429080139160453
0.3323618939684173
-0.9433953480280284
0.33097861645604804
-0.9438806538737433
-0.32959462735073475
0.9443639304101028
-0.328209929629721
0.9448451765980799
0.3268245262700583
-0.9453243914030125
-0.32543842024859515
0.945801573794606
0.32405161454540826
-0.94627672274723
-0.3226641121429394
0.9467498372384486
0.32127591602599115
-0.9472209162522569
0.31988702917569095
-0.9476899587749733
-0.31849745458067924
0.9481569637981772
-0.3171071952284925
0.9486219303186918
0.31571625410555054
-0.9490848573362751
-0.3143246342040509
0.9495457438550804
0.31293233851765373
-0.9500045888853618
0.31153937003715443
-0.950461391439763
-0.3101457317582483
0.9509161505361793
-0.30875142667720734
0.9513688651977389
0.3073564577908718
-0.9518195344505566
0.3059608281009708
-0.9522681573251541
-0.30456454060459515
0.9527147328581217
0.30316759830631024
-0.9531592600885053
-0.30177000420862576
0.9536017380605909
0.30037176131631854
-0.9540421658238886
-0.2989728726346925
0.9544805424304017
0.2975733411739116
-0.9549168669387239
-0.2961731699394455
0.9553511384102283
0.2947723619442167
-0.955783355910712
-0.29337092019904365
0.956213518511729
0.29196884771697557
-0.9566416252884414
-0.29056614751154736
0.9570676753196405
-0.2891628226011247
0.9574916676903912
0.2877588759993237
-0.9579136014885953
0.28635431072719086
-0.9583334758065907
-0.28494912980362014
0.9587512897424461
0.2835433362496999
-0.9591670423978725
-0.2821369330887081
0.9595807328782454
-0.28072992334174307
0.9599923602951713
0.2793223100355695
-0.9604019237631518
-0.27791409619825247
0.9608094224011358
0.2765052848539071
-0.9612148553337762
0.27509587903404775
-0.961618221689403
-0.2736858817688474
0.9620195206000445
0.2722752960871249
-0.962418751203918
-0.2708641250233374
0.9628159126417016
-0.26945237161320357
0.963211004060498
0.26804003888843947
-0.9636040246101378
0.2666271298881372
-0.9639949734458868
-0.2652136476500011
0.9643838497272188
-0.26379959521033636
0.9647706526183034
0.2623849756110577
-0.9651553812868103
0.26096979189530234
-0.9655380349065414
-0.2595540471021529
0.9659186126540913